------------------------ 1;
/param1 300 200 400 100;
/param2 100 222 555 999;
/array1 60 60 20 20 90 50 30 10;
/array2 10 20 30 20 10 20 30 20;
1000;
------------------------ 2;
/param1 0 0 0 0;
/param2 1 2 3 4;
/array1 100 127 60 62 64 66 88 87;
/array2 100 120 10 60 50 40 10 10;
1000;
------------------------ 3;
/param1 90 80 70 60;
/param2 11 22 33 44;
/array1 20 30 40 50 60 70 80 90;
/array2 0 20 0 20 0 20 0 20;
1000;
------------------------ 4;
/param1 900 801 701 601;
/param2 411 422 433 444;
/array1 100 0 60 0 100 0 20 0;
/array2 80 60 80 60 30 30 30 10;
1000;

